250
2546
244 246 0.11712
246 244 0.11712
239 240 0.10616
240 239 0.10616
238 245 0.06142
245 238 0.06142
235 238 0.07048
238 235 0.07048
233 240 0.07634
240 233 0.07634
232 248 0.10223
248 232 0.10223
231 248 0.10699
248 231 0.10699
229 249 0.10098
249 229 0.10098
228 241 0.01473
241 228 0.01473
226 231 0.07638
231 226 0.07638
223 242 0.10184
242 223 0.10184
223 249 0.10898
249 223 0.10898
222 225 0.09842
225 222 0.09842
220 247 0.10309
247 220 0.10309
219 221 0.06535
221 219 0.06535
218 224 0.05993
224 218 0.05993
218 227 0.09192
227 218 0.09192
217 232 0.09613
232 217 0.09613
216 232 0.08738
232 216 0.08738
214 219 0.04104
219 214 0.04104
214 221 0.10444
221 214 0.10444
213 235 0.09305
235 213 0.09305
213 238 0.10707
238 213 0.10707
212 214 0.09024
214 212 0.09024
212 219 0.08099
219 212 0.08099
212 221 0.08320
221 212 0.08320
212 244 0.04321
244 212 0.04321
211 222 0.06192
222 211 0.06192
211 225 0.10649
225 211 0.10649
210 212 0.05813
212 210 0.05813
210 214 0.07099
214 210 0.07099
210 219 0.03728
219 210 0.03728
210 221 0.03659
221 210 0.03659
210 244 0.10062
244 210 0.10062
209 211 0.01269
211 209 0.01269
209 222 0.07357
222 209 0.07357
209 225 0.11652
225 209 0.11652
208 226 0.04662
226 208 0.04662
208 231 0.08821
231 208 0.08821
207 210 0.03158
210 207 0.03158
207 212 0.05667
212 207 0.05667
207 214 0.10119
214 207 0.10119
207 219 0.06878
219 207 0.06878
207 221 0.02902
221 207 0.02902
207 244 0.09218
244 207 0.09218
206 209 0.11467
209 206 0.11467
205 207 0.10606
207 205 0.10606
205 210 0.07932
210 205 0.07932
205 214 0.07345
214 205 0.07345
205 219 0.05157
219 205 0.05157
205 221 0.08879
221 205 0.08879
204 222 0.09626
222 204 0.09626
204 225 0.05003
225 204 0.05003
204 231 0.11432
231 204 0.11432
203 249 0.04148
249 203 0.04148
202 204 0.04207
204 202 0.04207
202 209 0.10956
209 202 0.10956
202 211 0.09692
211 202 0.09692
202 222 0.05440
222 202 0.05440
202 225 0.06056
225 202 0.06056
201 216 0.11363
216 201 0.11363
201 217 0.11118
217 201 0.11118
201 232 0.03557
232 201 0.03557
201 248 0.06668
248 201 0.06668
200 203 0.05651
203 200 0.05651
200 223 0.09984
223 200 0.09984
200 249 0.06335
249 200 0.06335
199 237 0.06767
237 199 0.06767
198 223 0.09036
223 198 0.09036
198 242 0.03037
242 198 0.03037
197 230 0.09937
230 197 0.09937
196 205 0.05718
205 196 0.05718
196 214 0.08233
214 196 0.08233
196 219 0.08903
219 196 0.08903
195 238 0.11390
238 195 0.11390
195 245 0.09286
245 195 0.09286
194 220 0.11551
220 194 0.11551
193 243 0.09306
243 193 0.09306
192 243 0.07897
243 192 0.07897
191 202 0.06216
202 191 0.06216
191 204 0.07061
204 191 0.07061
191 222 0.09234
222 191 0.09234
191 225 0.11446
225 191 0.11446
191 231 0.11935
231 191 0.11935
190 220 0.04330
220 190 0.04330
190 247 0.06680
247 190 0.06680
189 200 0.11303
200 189 0.11303
189 203 0.05779
203 189 0.05779
189 220 0.09403
220 189 0.09403
189 249 0.08557
249 189 0.08557
188 230 0.05191
230 188 0.05191
188 233 0.08575
233 188 0.08575
188 240 0.09560
240 188 0.09560
187 208 0.06557
208 187 0.06557
187 226 0.03660
226 187 0.03660
187 231 0.04215
231 187 0.04215
187 248 0.11716
248 187 0.11716
186 189 0.05775
189 186 0.05775
186 203 0.10305
203 186 0.10305
186 249 0.11195
249 186 0.11195
185 201 0.06956
201 185 0.06956
185 232 0.10259
232 185 0.10259
185 248 0.02896
248 185 0.02896
184 188 0.07566
188 184 0.07566
184 197 0.05351
197 184 0.05351
184 230 0.04691
230 184 0.04691
183 215 0.03017
215 183 0.03017
182 198 0.07870
198 182 0.07870
182 223 0.08452
223 182 0.08452
182 242 0.10811
242 182 0.10811
181 184 0.08764
184 181 0.08764
181 188 0.10778
188 181 0.10778
181 196 0.11674
196 181 0.11674
181 230 0.05963
230 181 0.05963
180 213 0.03355
213 180 0.03355
179 193 0.10256
193 179 0.10256
179 212 0.09146
212 179 0.09146
179 244 0.07050
244 179 0.07050
178 236 0.02867
236 178 0.02867
177 186 0.03537
186 177 0.03537
177 189 0.03512
189 177 0.03512
177 203 0.06820
203 177 0.06820
177 249 0.07806
249 177 0.07806
176 191 0.02089
191 176 0.02089
176 202 0.04299
202 176 0.04299
176 204 0.06123
204 176 0.06123
176 222 0.07243
222 176 0.07243
176 225 0.09939
225 176 0.09939
175 246 0.03569
246 175 0.03569
174 179 0.09292
179 174 0.09292
174 192 0.07813
192 174 0.07813
174 243 0.07415
243 174 0.07415
172 180 0.08119
180 172 0.08119
172 197 0.09121
197 172 0.09121
172 213 0.05932
213 172 0.05932
172 235 0.07388
235 172 0.07388
171 172 0.06889
172 171 0.06889
171 180 0.10106
180 171 0.10106
171 213 0.06758
213 171 0.06758
171 235 0.03106
235 171 0.03106
171 238 0.05664
238 171 0.05664
171 245 0.11526
245 171 0.11526
170 182 0.06422
182 170 0.06422
170 198 0.10237
198 170 0.10237
170 223 0.03653
223 170 0.03653
170 229 0.10924
229 170 0.10924
170 249 0.11264
249 170 0.11264
169 177 0.08571
177 169 0.08571
169 186 0.05624
186 169 0.05624
169 189 0.08899
189 169 0.08899
169 190 0.09320
190 169 0.09320
169 220 0.10104
220 169 0.10104
168 187 0.04080
187 168 0.04080
168 204 0.11515
204 168 0.11515
168 208 0.08885
208 168 0.08885
168 226 0.07555
226 168 0.07555
168 231 0.00268
231 168 0.00268
168 248 0.10481
248 168 0.10481
167 224 0.07521
224 167 0.07521
166 236 0.09479
236 166 0.09479
165 171 0.11685
171 165 0.11685
165 172 0.09828
172 165 0.09828
165 180 0.01756
180 165 0.01756
165 191 0.10673
191 165 0.10673
165 213 0.05003
213 165 0.05003
164 190 0.07043
190 164 0.07043
164 194 0.07229
194 164 0.07229
164 220 0.05001
220 164 0.05001
164 247 0.09969
247 164 0.09969
163 202 0.09825
202 163 0.09825
163 209 0.02235
209 163 0.02235
163 211 0.01708
211 163 0.01708
163 222 0.05489
222 163 0.05489
163 225 0.11682
225 163 0.11682
162 192 0.09472
192 162 0.09472
161 169 0.10571
169 161 0.10571
161 177 0.07299
177 161 0.07299
161 186 0.06124
186 161 0.06124
161 189 0.10748
189 161 0.10748
161 229 0.10509
229 161 0.10509
161 249 0.11843
249 161 0.11843
160 168 0.06839
168 160 0.06839
160 176 0.06571
176 160 0.06571
160 187 0.10794
187 160 0.10794
160 191 0.05410
191 160 0.05410
160 202 0.08639
202 160 0.08639
160 204 0.06352
204 160 0.06352
160 225 0.11314
225 160 0.11314
160 231 0.06647
231 160 0.06647
159 234 0.05490
234 159 0.05490
159 239 0.10493
239 159 0.10493
158 170 0.05722
170 158 0.05722
158 200 0.07196
200 158 0.07196
158 203 0.09121
203 158 0.09121
158 223 0.05291
223 158 0.05291
158 229 0.09925
229 158 0.09925
158 249 0.05734
249 158 0.05734
157 181 0.05473
181 157 0.05473
157 184 0.04716
184 157 0.04716
157 188 0.10501
188 157 0.10501
157 197 0.07152
197 157 0.07152
157 230 0.05597
230 157 0.05597
156 196 0.08377
196 156 0.08377
156 205 0.05088
205 156 0.05088
156 207 0.07567
207 156 0.07567
156 210 0.04409
210 156 0.04409
156 212 0.08418
212 156 0.08418
156 214 0.03435
214 156 0.03435
156 219 0.00745
219 156 0.00745
156 221 0.07280
221 156 0.07280
155 165 0.05001
165 155 0.05001
155 171 0.07487
171 155 0.07487
155 172 0.04996
172 155 0.04996
155 180 0.03246
180 155 0.03246
155 197 0.11679
197 155 0.11679
155 213 0.01559
213 155 0.01559
155 235 0.09681
235 155 0.09681
155 238 0.11940
238 155 0.11940
154 171 0.08024
171 154 0.08024
154 195 0.11016
195 154 0.11016
154 235 0.09296
235 154 0.09296
154 238 0.02365
238 154 0.02365
154 245 0.04011
245 154 0.04011
153 228 0.05583
228 153 0.05583
153 241 0.04247
241 153 0.04247
152 179 0.10233
179 152 0.10233
152 207 0.08799
207 152 0.08799
152 210 0.10636
210 152 0.10636
152 212 0.05852
212 152 0.05852
152 221 0.11655
221 152 0.11655
152 244 0.03365
244 152 0.03365
152 246 0.09510
246 152 0.09510
151 168 0.09264
168 151 0.09264
151 187 0.06861
187 151 0.06861
151 208 0.00391
208 151 0.00391
151 226 0.04792
226 151 0.04792
151 231 0.09202
231 151 0.09202
150 164 0.09115
164 150 0.09115
150 169 0.06638
169 150 0.06638
150 177 0.08428
177 150 0.08428
150 186 0.08087
186 150 0.08087
150 189 0.06046
189 150 0.06046
150 190 0.06182
190 150 0.06182
150 203 0.11351
203 150 0.11351
150 220 0.04158
220 150 0.04158
149 163 0.07447
163 149 0.07447
149 206 0.10265
206 149 0.10265
149 209 0.05363
209 149 0.05363
149 211 0.05830
211 149 0.05830
149 222 0.11405
222 149 0.11405
149 225 0.10995
225 149 0.10995
148 157 0.01712
157 148 0.01712
148 181 0.05620
181 148 0.05620
148 184 0.03398
184 148 0.03398
148 188 0.08809
188 148 0.08809
148 197 0.07085
197 148 0.07085
148 230 0.04043
230 148 0.04043
147 162 0.09416
162 147 0.09416
147 166 0.11877
166 147 0.11877
146 218 0.06252
218 146 0.06252
146 224 0.11387
224 146 0.11387
146 227 0.04560
227 146 0.04560
145 146 0.10595
146 145 0.10595
144 168 0.09650
168 144 0.09650
144 185 0.03018
185 144 0.03018
144 187 0.11380
187 144 0.11380
144 201 0.08140
201 144 0.08140
144 204 0.11540
204 144 0.11540
144 231 0.09846
231 144 0.09846
144 232 0.11686
232 144 0.11686
144 248 0.01527
248 144 0.01527
143 152 0.07831
152 143 0.07831
143 175 0.10421
175 143 0.10421
143 179 0.08905
179 143 0.08905
143 193 0.06865
193 143 0.06865
143 212 0.11875
212 143 0.11875
143 244 0.07554
244 143 0.07554
143 246 0.07590
246 143 0.07590
142 154 0.11701
154 142 0.11701
142 155 0.04818
155 142 0.04818
142 165 0.04797
165 142 0.04797
142 171 0.08119
171 142 0.08119
142 172 0.09299
172 142 0.09299
142 180 0.04124
180 142 0.04124
142 195 0.08901
195 142 0.08901
142 213 0.03433
213 142 0.03433
142 235 0.11123
235 142 0.11123
142 238 0.10237
238 142 0.10237
140 147 0.04712
147 140 0.04712
140 162 0.10969
162 140 0.10969
139 156 0.06665
156 139 0.06665
139 196 0.04593
196 139 0.04593
139 205 0.01814
205 139 0.01814
139 210 0.09743
210 139 0.09743
139 214 0.08428
214 139 0.08428
139 219 0.06833
219 139 0.06833
139 221 0.10596
221 139 0.10596
138 151 0.11903
151 138 0.11903
138 188 0.10136
188 138 0.10136
138 226 0.11064
226 138 0.11064
138 233 0.09598
233 138 0.09598
138 239 0.11352
239 138 0.11352
138 240 0.02076
240 138 0.02076
137 145 0.11708
145 137 0.11708
137 146 0.03524
146 137 0.03524
137 183 0.11008
183 137 0.11008
137 215 0.11222
215 137 0.11222
137 218 0.04325
218 137 0.04325
137 224 0.10278
224 137 0.10278
137 227 0.07930
227 137 0.07930
136 159 0.02310
159 136 0.02310
136 234 0.03185
234 136 0.03185
135 141 0.06693
141 135 0.06693
135 181 0.07362
181 135 0.07362
135 230 0.11174
230 135 0.11174
134 137 0.10296
137 134 0.10296
134 145 0.10314
145 134 0.10314
134 146 0.06821
146 134 0.06821
134 227 0.03986
227 134 0.03986
133 166 0.06778
166 133 0.06778
132 154 0.08146
154 132 0.08146
132 171 0.07460
171 132 0.07460
132 235 0.05508
235 132 0.05508
132 238 0.06935
238 132 0.06935
131 143 0.05854
143 131 0.05854
131 179 0.09728
179 131 0.09728
131 193 0.01012
193 131 0.01012
131 243 0.10112
243 131 0.10112
130 194 0.05825
194 130 0.05825
130 234 0.11697
234 130 0.11697
129 133 0.07141
133 129 0.07141
129 147 0.08531
147 129 0.08531
129 166 0.03392
166 129 0.03392
129 178 0.11909
178 129 0.11909
129 236 0.09707
236 129 0.09707
128 136 0.11358
136 128 0.11358
128 159 0.09153
159 128 0.09153
128 173 0.11948
173 128 0.11948
128 239 0.01726
239 128 0.01726
126 183 0.08912
183 126 0.08912
126 215 0.05899
215 126 0.05899
125 148 0.04208
148 125 0.04208
125 157 0.02917
157 125 0.02917
125 172 0.11220
172 125 0.11220
125 181 0.08041
181 125 0.08041
125 184 0.05816
184 125 0.05816
125 197 0.05633
197 125 0.05633
125 230 0.08248
230 125 0.08248
124 142 0.06118
142 124 0.06118
124 155 0.01487
155 124 0.01487
124 165 0.05177
165 124 0.05177
124 171 0.08584
171 124 0.08584
124 172 0.04713
172 124 0.04713
124 180 0.03552
180 124 0.03552
124 197 0.10321
197 124 0.10321
124 213 0.03033
213 124 0.03033
124 235 0.10482
235 124 0.10482
123 175 0.07983
175 123 0.07983
123 246 0.10306
246 123 0.10306
122 139 0.01217
139 122 0.01217
122 156 0.05505
156 122 0.05505
122 196 0.05144
196 122 0.05144
122 205 0.00647
205 122 0.00647
122 207 0.11241
207 122 0.11241
122 210 0.08536
210 122 0.08536
122 214 0.07516
214 122 0.07516
122 219 0.05638
219 122 0.05638
122 221 0.09525
221 122 0.09525
121 158 0.08749
158 121 0.08749
121 170 0.03464
170 121 0.03464
121 182 0.03939
182 121 0.03939
121 198 0.07031
198 121 0.07031
121 223 0.04530
223 121 0.04530
121 242 0.09371
242 121 0.09371
120 145 0.09428
145 120 0.09428
120 161 0.09789
161 120 0.09789
120 229 0.08292
229 120 0.08292
119 120 0.10342
120 119 0.10342
119 134 0.04953
134 119 0.04953
119 137 0.09676
137 119 0.09676
119 145 0.05361
145 119 0.05361
119 146 0.07143
146 119 0.07143
119 227 0.07465
227 119 0.07465
118 124 0.06300
124 118 0.06300
118 142 0.11650
142 118 0.11650
118 151 0.10687
151 118 0.10687
118 155 0.07746
155 118 0.07746
118 165 0.08159
165 118 0.08159
118 172 0.08663
172 118 0.08663
118 180 0.07699
180 118 0.07699
118 184 0.11388
184 118 0.11388
118 197 0.06902
197 118 0.06902
118 208 0.10634
208 118 0.10634
118 213 0.09204
213 118 0.09204
117 140 0.10873
140 117 0.10873
117 147 0.11794
147 117 0.11794
117 167 0.09427
167 117 0.09427
117 178 0.06290
178 117 0.06290
117 236 0.08473
236 117 0.08473
116 164 0.04060
164 116 0.04060
116 190 0.07925
190 116 0.07925
116 194 0.08583
194 116 0.08583
116 220 0.08021
220 116 0.08021
116 247 0.07638
247 116 0.07638
115 153 0.05126
153 115 0.05126
115 228 0.08124
228 115 0.08124
115 241 0.06730
241 115 0.06730
114 163 0.05526
163 114 0.05526
114 176 0.08339
176 114 0.08339
114 191 0.10158
191 114 0.10158
114 202 0.07319
202 114 0.07319
114 204 0.11526
204 114 0.11526
114 209 0.07685
209 114 0.07685
114 211 0.06713
211 114 0.06713
114 222 0.02060
222 114 0.02060
114 225 0.11896
225 114 0.11896
113 121 0.05379
121 113 0.05379
113 158 0.09842
158 113 0.09842
113 170 0.07229
170 113 0.07229
113 182 0.08536
182 113 0.08536
113 198 0.05009
198 113 0.05009
113 223 0.04665
223 113 0.04665
113 242 0.05551
242 113 0.05551
112 128 0.09960
128 112 0.09960
112 136 0.05632
136 112 0.05632
112 159 0.04347
159 112 0.04347
112 234 0.08047
234 112 0.08047
112 239 0.10722
239 112 0.10722
110 122 0.05351
122 110 0.05351
110 139 0.06016
139 110 0.06016
110 156 0.03963
156 110 0.03963
110 196 0.05323
196 110 0.05323
110 205 0.05391
205 110 0.05391
110 207 0.11522
207 110 0.11522
110 210 0.08364
210 110 0.08364
110 212 0.11550
212 110 0.11550
110 214 0.02920
214 110 0.02920
110 219 0.04680
219 110 0.04680
110 221 0.11114
221 110 0.11114
109 126 0.09332
126 109 0.09332
109 137 0.05083
137 109 0.05083
109 146 0.08420
146 109 0.08420
109 183 0.06517
183 109 0.06517
109 215 0.06179
215 109 0.06179
109 218 0.07179
218 109 0.07179
108 110 0.06803
110 108 0.06803
108 122 0.08214
122 108 0.08214
108 135 0.11644
135 108 0.11644
108 139 0.07724
139 108 0.07724
108 156 0.10525
156 108 0.10525
108 181 0.10766
181 108 0.10766
108 196 0.03132
196 108 0.03132
108 205 0.08755
205 108 0.08755
108 214 0.09401
214 108 0.09401
108 219 0.11157
219 108 0.11157
107 130 0.11436
130 107 0.11436
107 173 0.08976
173 107 0.08976
107 200 0.08254
200 107 0.08254
107 203 0.11594
203 107 0.11594
106 123 0.11362
123 106 0.11362
106 131 0.02227
131 106 0.02227
106 143 0.06821
143 106 0.06821
106 179 0.11930
179 106 0.11930
106 193 0.02119
193 106 0.02119
106 243 0.10940
243 106 0.10940
106 246 0.11883
246 106 0.11883
105 106 0.01034
106 105 0.01034
105 123 0.10392
123 105 0.10392
105 131 0.03234
131 105 0.03234
105 143 0.07217
143 105 0.07217
105 193 0.03141
193 105 0.03141
105 243 0.11674
243 105 0.11674
105 246 0.11604
246 105 0.11604
104 144 0.08161
144 104 0.08161
104 185 0.07936
185 104 0.07936
104 201 0.02597
201 104 0.02597
104 217 0.09568
217 104 0.09568
104 232 0.04888
232 104 0.04888
104 248 0.06640
248 104 0.06640
103 174 0.03708
174 103 0.03708
103 192 0.04287
192 103 0.04287
103 243 0.05731
243 103 0.05731
102 138 0.09831
138 102 0.09831
102 187 0.09374
187 102 0.09374
102 226 0.07775
226 102 0.07775
102 240 0.11740
240 102 0.11740
101 108 0.05491
108 101 0.05491
101 110 0.07783
110 101 0.07783
101 122 0.05090
122 101 0.05090
101 125 0.10521
125 101 0.10521
101 139 0.03983
139 101 0.03983
101 156 0.09930
156 101 0.09930
101 157 0.10869
157 101 0.10869
101 181 0.10336
181 101 0.10336
101 196 0.03115
196 101 0.03115
101 205 0.05734
205 101 0.05734
101 214 0.10662
214 101 0.10662
101 219 0.10279
219 101 0.10279
100 103 0.06580
103 100 0.06580
100 133 0.08099
133 100 0.08099
100 174 0.06827
174 100 0.06827
100 192 0.07056
192 100 0.07056
 99 129 0.10765
129  99 0.10765
 99 140 0.05150
140  99 0.05150
 99 147 0.03171
147  99 0.03171
 99 162 0.06455
162  99 0.06455
 98 117 0.11425
117  98 0.11425
 98 178 0.05183
178  98 0.05183
 98 236 0.04433
236  98 0.04433
 97 144 0.07138
144  97 0.07138
 97 160 0.08756
160  97 0.08756
 97 168 0.10904
168  97 0.10904
 97 176 0.10973
176  97 0.10973
 97 185 0.07779
185  97 0.07779
 97 191 0.11562
191  97 0.11562
 97 202 0.08870
202  97 0.08870
 97 204 0.04951
204  97 0.04951
 97 225 0.05664
225  97 0.05664
 97 231 0.10938
231  97 0.10938
 97 248 0.08598
248  97 0.08598
 96 199 0.01569
199  96 0.01569
 96 237 0.06553
237  96 0.06553
 95 115 0.09423
115  95 0.09423
 95 153 0.11710
153  95 0.11710
 95 216 0.11785
216  95 0.11785
 94 141 0.08070
141  94 0.08070
 94 198 0.09053
198  94 0.09053
 94 242 0.09095
242  94 0.09095
 93  97 0.07550
 97  93 0.07550
 93 144 0.08371
144  93 0.08371
 93 160 0.04360
160  93 0.04360
 93 168 0.03641
168  93 0.03641
 93 176 0.10570
176  93 0.10570
 93 185 0.11051
185  93 0.11051
 93 187 0.07640
187  93 0.07640
 93 191 0.09704
191  93 0.09704
 93 202 0.11502
202  93 0.11502
 93 204 0.07908
204  93 0.07908
 93 226 0.11188
226  93 0.11188
 93 231 0.03594
231  93 0.03594
 93 248 0.09608
248  93 0.09608
 92 122 0.11702
122  92 0.11702
 92 132 0.07972
132  92 0.07972
 92 139 0.11349
139  92 0.11349
 92 171 0.08961
171  92 0.08961
 92 172 0.09296
172  92 0.09296
 92 205 0.11628
205  92 0.11628
 92 235 0.06040
235  92 0.06040
 91 109 0.06129
109  91 0.06129
 91 119 0.09388
119  91 0.09388
 91 134 0.09544
134  91 0.09544
 91 137 0.01061
137  91 0.01061
 91 145 0.11905
145  91 0.11905
 91 146 0.02723
146  91 0.02723
 91 218 0.04088
218  91 0.04088
 91 224 0.09863
224  91 0.09863
 91 227 0.06960
227  91 0.06960
 90 113 0.11828
113  90 0.11828
 90 173 0.06973
173  90 0.06973
 90 233 0.10517
233  90 0.10517
 90 242 0.10115
242  90 0.10115
 89 116 0.06089
116  89 0.06089
 89 127 0.10682
127  89 0.10682
 89 130 0.10584
130  89 0.10584
 89 164 0.07494
164  89 0.07494
 89 194 0.05110
194  89 0.05110
 88  98 0.08567
 98  88 0.08567
 88 182 0.09779
182  88 0.09779
 87 111 0.11190
111  87 0.11190
 87 130 0.03684
130  87 0.03684
 87 136 0.10342
136  87 0.10342
 87 194 0.08273
194  87 0.08273
 87 234 0.08302
234  87 0.08302
 86 108 0.11578
108  86 0.11578
 86 135 0.10345
135  86 0.10345
 86 141 0.05640
141  86 0.05640
 85 152 0.10662
152  85 0.10662
 85 175 0.11147
175  85 0.11147
 85 246 0.09698
246  85 0.09698
 84 100 0.09532
100  84 0.09532
 84 103 0.05747
103  84 0.05747
 84 106 0.11963
106  84 0.11963
 84 131 0.10014
131  84 0.10014
 84 174 0.02770
174  84 0.02770
 84 179 0.06994
179  84 0.06994
 84 192 0.10034
192  84 0.10034
 84 193 0.09844
193  84 0.09844
 84 243 0.07221
243  84 0.07221
 83  95 0.11982
 95  83 0.11982
 83 104 0.08511
104  83 0.08511
 83 201 0.09238
201  83 0.09238
 83 217 0.03695
217  83 0.03695
 83 232 0.06812
232  83 0.06812
 82  85 0.04344
 85  82 0.04344
 82 152 0.06590
152  82 0.06590
 82 175 0.11914
175  82 0.11914
 82 207 0.10290
207  82 0.10290
 82 212 0.10888
212  82 0.10888
 82 244 0.09913
244  82 0.09913
 82 246 0.09265
246  82 0.09265
 81 119 0.08225
119  81 0.08225
 81 134 0.04508
134  81 0.04508
 81 146 0.11254
146  81 0.11254
 81 227 0.07588
227  81 0.07588
 81 229 0.10166
229  81 0.10166
 80  97 0.08938
 97  80 0.08938
 80 149 0.09615
149  80 0.09615
 80 202 0.11386
202  80 0.11386
 80 204 0.10423
204  80 0.10423
 80 225 0.05577
225  80 0.05577
 79  84 0.09700
 84  79 0.09700
 79 110 0.11633
110  79 0.11633
 79 174 0.10110
174  79 0.10110
 79 179 0.07431
179  79 0.07431
 79 212 0.11328
212  79 0.11328
 79 214 0.09294
214  79 0.09294
 78 112 0.10817
112  78 0.10817
 78 128 0.03633
128  78 0.03633
 78 138 0.09955
138  78 0.09955
 78 159 0.11389
159  78 0.11389
 78 239 0.02065
239  78 0.02065
 78 240 0.09536
240  78 0.09536
 77  78 0.10966
 78  77 0.10966
 77 102 0.02737
102  77 0.02737
 77 138 0.07171
138  77 0.07171
 77 151 0.11765
151  77 0.11765
 77 187 0.10655
187  77 0.10655
 77 208 0.11848
208  77 0.11848
 77 226 0.08175
226  77 0.08175
 77 240 0.09031
240  77 0.09031
 76  95 0.07370
 95  76 0.07370
 76 115 0.03658
115  76 0.03658
 76 153 0.04395
153  76 0.04395
 76 228 0.09469
228  76 0.09469
 76 241 0.08004
241  76 0.08004
 75  89 0.03394
 89  75 0.03394
 75 116 0.02706
116  75 0.02706
 75 164 0.04846
164  75 0.04846
 75 190 0.10387
190  75 0.10387
 75 194 0.06452
194  75 0.06452
 75 220 0.09669
220  75 0.09669
 75 247 0.10191
247  75 0.10191
 74 109 0.10730
109  74 0.10730
 74 126 0.07749
126  74 0.07749
 74 183 0.05190
183  74 0.05190
 74 215 0.04643
215  74 0.04643
 73 120 0.10775
120  73 0.10775
 73 145 0.09149
145  73 0.09149
 72 107 0.11731
107  72 0.11731
 72 150 0.08210
150  72 0.08210
 72 177 0.06434
177  72 0.06434
 72 186 0.09359
186  72 0.09359
 72 189 0.03706
189  72 0.03706
 72 200 0.08158
200  72 0.08158
 72 203 0.03470
203  72 0.03470
 72 220 0.10329
220  72 0.10329
 72 249 0.07452
249  72 0.07452
 71 135 0.10448
135  71 0.10448
 71 148 0.09121
148  71 0.09121
 71 157 0.10574
157  71 0.10574
 71 181 0.08837
181  71 0.08837
 71 184 0.09326
184  71 0.09326
 71 188 0.03894
188  71 0.03894
 71 230 0.05108
230  71 0.05108
 71 233 0.07728
233  71 0.07728
 71 240 0.11683
240  71 0.11683
 70  79 0.01576
 79  70 0.01576
 70  84 0.08129
 84  70 0.08129
 70 100 0.11309
100  70 0.11309
 70 174 0.08574
174  70 0.08574
 70 179 0.06528
179  70 0.06528
 70 212 0.11795
212  70 0.11795
 70 214 0.10735
214  70 0.10735
 70 244 0.11957
244  70 0.11957
 69 107 0.05640
107  69 0.05640
 69 128 0.11896
128  69 0.11896
 69 173 0.05282
173  69 0.05282
 68 114 0.06736
114  68 0.06736
 68 160 0.10388
160  68 0.10388
 68 165 0.10769
165  68 0.10769
 68 176 0.04396
176  68 0.04396
 68 191 0.04982
191  68 0.04982
 68 202 0.07329
202  68 0.07329
 68 204 0.10336
204  68 0.10336
 68 222 0.06811
222  68 0.06811
 67  83 0.07338
 83  67 0.07338
 67 112 0.11331
112  67 0.11331
 67 217 0.04501
217  67 0.04501
 66 149 0.07561
149  66 0.07561
 66 206 0.05154
206  66 0.05154
 66 209 0.11107
209  66 0.11107
 65  71 0.06843
 71  65 0.06843
 65 125 0.10535
125  65 0.10535
 65 138 0.11370
138  65 0.11370
 65 148 0.07162
148  65 0.07162
 65 151 0.10304
151  65 0.10304
 65 157 0.08838
157  65 0.08838
 65 181 0.10922
181  65 0.10922
 65 184 0.04790
184  65 0.04790
 65 188 0.03552
188  65 0.03552
 65 197 0.09301
197  65 0.09301
 65 208 0.10677
208  65 0.10677
 65 230 0.05007
230  65 0.05007
 65 240 0.11415
240  65 0.11415
 64  91 0.04394
 91  64 0.04394
 64 109 0.06144
109  64 0.06144
 64 119 0.06813
119  64 0.06813
 64 134 0.09237
134  64 0.09237
 64 137 0.03977
137  64 0.03977
 64 145 0.07791
145  64 0.07791
 64 146 0.04384
146  64 0.04384
 64 183 0.09898
183  64 0.09898
 64 215 0.11174
215  64 0.11174
 64 218 0.08298
218  64 0.08298
 64 227 0.08490
227  64 0.08490
 63  96 0.02231
 96  63 0.02231
 63 199 0.01821
199  63 0.01821
 63 237 0.04962
237  63 0.04962
 62  71 0.10901
 71  62 0.10901
 62  78 0.11140
 78  62 0.11140
 62  90 0.08635
 90  62 0.08635
 62 128 0.11744
128  62 0.11744
 62 138 0.09478
138  62 0.09478
 62 188 0.11357
188  62 0.11357
 62 233 0.03192
233  62 0.03192
 62 239 0.10804
239  62 0.10804
 62 240 0.07405
240  62 0.07405
 61  87 0.05163
 87  61 0.05163
 61  89 0.09050
 89  61 0.09050
 61 111 0.06739
111  61 0.06739
 61 130 0.06867
130  61 0.06867
 61 194 0.07466
194  61 0.07466
 61 234 0.10977
234  61 0.10977
 60  63 0.06637
 63  60 0.06637
 60  96 0.05690
 96  60 0.05690
 60 111 0.08712
111  60 0.08712
 60 199 0.04868
199  60 0.04868
 60 237 0.11595
237  60 0.11595
 59  80 0.06845
 80  59 0.06845
 59  97 0.06442
 97  59 0.06442
 59 144 0.08084
144  59 0.08084
 59 185 0.06135
185  59 0.06135
 59 204 0.10796
204  59 0.10796
 59 225 0.08326
225  59 0.08326
 59 248 0.08763
248  59 0.08763
 58  68 0.04795
 68  58 0.04795
 58 114 0.01947
114  58 0.01947
 58 163 0.07425
163  58 0.07425
 58 176 0.06845
176  58 0.06845
 58 191 0.08507
191  58 0.08507
 58 202 0.06778
202  58 0.06778
 58 204 0.10891
204  58 0.10891
 58 209 0.09540
209  58 0.09540
 58 211 0.08501
211  58 0.08501
 58 222 0.02759
222  58 0.02759
 57  65 0.06750
 65  57 0.06750
 57 118 0.08024
118  57 0.08024
 57 125 0.06349
125  57 0.06349
 57 148 0.06092
148  57 0.06092
 57 151 0.10773
151  57 0.10773
 57 157 0.06773
157  57 0.06773
 57 172 0.11673
172  57 0.11673
 57 181 0.11710
181  57 0.11710
 57 184 0.03368
184  57 0.03368
 57 188 0.10123
188  57 0.10123
 57 197 0.02583
197  57 0.02583
 57 208 0.11002
208  57 0.11002
 57 230 0.08049
230  57 0.08049
 56  73 0.05918
 73  56 0.05918
 56 119 0.11916
119  56 0.11916
 56 120 0.05027
120  56 0.05027
 56 145 0.08552
145  56 0.08552
 56 161 0.11851
161  56 0.11851
 55  67 0.08505
 67  55 0.08505
 55  78 0.08955
 78  55 0.08955
 55 112 0.04590
112  55 0.04590
 55 128 0.09745
128  55 0.09745
 55 136 0.10111
136  55 0.10111
 55 159 0.08414
159  55 0.08414
 55 217 0.11852
217  55 0.11852
 55 239 0.09744
239  55 0.09744
 54  99 0.08037
 99  54 0.08037
 54 117 0.08936
117  54 0.08936
 54 140 0.02922
140  54 0.02922
 54 147 0.07003
147  54 0.07003
 53  56 0.05542
 56  53 0.05542
 53  73 0.10372
 73  53 0.10372
 53  81 0.11179
 81  53 0.11179
 53 119 0.07620
119  53 0.07620
 53 120 0.02782
120  53 0.02782
 53 134 0.10851
134  53 0.10851
 53 145 0.06902
145  53 0.06902
 53 229 0.09315
229  53 0.09315
 52  77 0.10533
 77  52 0.10533
 52  93 0.09973
 93  52 0.09973
 52 102 0.10130
102  52 0.10130
 52 151 0.03422
151  52 0.03422
 52 168 0.06388
168  52 0.06388
 52 187 0.03447
187  52 0.03447
 52 208 0.03135
208  52 0.03135
 52 226 0.02384
226  52 0.02384
 52 231 0.06392
231  52 0.06392
 51  70 0.07990
 70  51 0.07990
 51  79 0.06984
 79  51 0.06984
 51  86 0.10847
 86  51 0.10847
 51 110 0.11491
110  51 0.11491
 51 133 0.11676
133  51 0.11676
 51 214 0.10713
214  51 0.10713
 50  59 0.04226
 59  50 0.04226
 50  80 0.10173
 80  50 0.10173
 50  97 0.10154
 97  50 0.10154
 50 104 0.11784
104  50 0.11784
 50 144 0.08851
144  50 0.08851
 50 185 0.05942
185  50 0.05942
 50 201 0.09673
201  50 0.09673
 50 232 0.11667
232  50 0.11667
 50 248 0.08802
248  50 0.08802
 49  59 0.08296
 59  49 0.08296
 49  80 0.08196
 80  49 0.08196
 49  93 0.08739
 93  49 0.08739
 49  97 0.03121
 97  49 0.03121
 49 144 0.10234
144  49 0.10234
 49 160 0.08334
160  49 0.08334
 49 176 0.08610
176  49 0.08610
 49 185 0.10833
185  49 0.10833
 49 191 0.09628
191  49 0.09628
 49 202 0.05875
202  49 0.05875
 49 204 0.02568
204  49 0.02568
 49 222 0.10927
222  49 0.10927
 49 225 0.03314
225  49 0.03314
 49 248 0.11708
248  49 0.11708
 48  50 0.09958
 50  48 0.09958
 48  83 0.08782
 83  48 0.08782
 48 104 0.06005
104  48 0.06005
 48 144 0.11407
144  48 0.11407
 48 185 0.09500
185  48 0.09500
 48 201 0.03841
201  48 0.03841
 48 216 0.07531
216  48 0.07531
 48 217 0.11710
217  48 0.11710
 48 232 0.02109
232  48 0.02109
 48 248 0.10057
248  48 0.10057
 47  64 0.10444
 64  47 0.10444
 47  91 0.06658
 91  47 0.06658
 47 109 0.07505
109  47 0.07505
 47 137 0.06569
137  47 0.06569
 47 146 0.09071
146  47 0.09071
 47 167 0.11422
167  47 0.11422
 47 218 0.02914
218  47 0.02914
 47 224 0.05238
224  47 0.05238
 46 161 0.07892
161  46 0.07892
 46 169 0.06854
169  46 0.06854
 46 177 0.11118
177  46 0.11118
 46 186 0.07689
186  46 0.07689
 45  48 0.11127
 48  45 0.11127
 45  67 0.06225
 67  45 0.06225
 45  76 0.11037
 76  45 0.11037
 45  83 0.02906
 83  45 0.02906
 45  95 0.10135
 95  45 0.10135
 45 104 0.11417
104  45 0.11417
 45 217 0.04535
217  45 0.04535
 45 232 0.09323
232  45 0.09323
 44  49 0.02107
 49  44 0.02107
 44  59 0.09573
 59  44 0.09573
 44  68 0.11930
 68  44 0.11930
 44  80 0.10281
 80  44 0.10281
 44  93 0.06793
 93  44 0.06793
 44  97 0.03365
 97  44 0.03365
 44 144 0.09765
144  44 0.09765
 44 160 0.06268
160  44 0.06268
 44 168 0.10433
168  44 0.10433
 44 176 0.07613
176  44 0.07613
 44 185 0.10945
185  44 0.10945
 44 191 0.08240
191  44 0.08240
 44 202 0.05971
202  44 0.05971
 44 204 0.01774
204  44 0.01774
 44 222 0.11370
222  44 0.11370
 44 225 0.05336
225  44 0.05336
 44 231 0.10384
231  44 0.10384
 44 248 0.11288
248  44 0.11288
 43  82 0.08576
 82  43 0.08576
 43 152 0.08933
152  43 0.08933
 43 156 0.10122
156  43 0.10122
 43 207 0.02708
207  43 0.02708
 43 210 0.05763
210  43 0.05763
 43 212 0.07554
212  43 0.07554
 43 219 0.09405
219  43 0.09405
 43 221 0.03765
221  43 0.03765
 43 244 0.10274
244  43 0.10274
 42  86 0.09639
 86  42 0.09639
 42 101 0.09688
101  42 0.09688
 42 108 0.06664
108  42 0.06664
 42 135 0.05008
135  42 0.05008
 42 141 0.08880
141  42 0.08880
 42 157 0.11467
157  42 0.11467
 42 181 0.06506
181  42 0.06506
 42 196 0.09113
196  42 0.09113
 41  81 0.11854
 81  41 0.11854
 41  88 0.06374
 88  41 0.06374
 41 121 0.07816
121  41 0.07816
 41 170 0.09973
170  41 0.09973
 41 182 0.03878
182  41 0.03878
 41 198 0.10323
198  41 0.10323
 40  75 0.07166
 75  40 0.07166
 40  89 0.10329
 89  40 0.10329
 40 116 0.05100
116  40 0.05100
 40 150 0.07051
150  40 0.07051
 40 164 0.03395
164  40 0.03395
 40 190 0.03649
190  40 0.03649
 40 194 0.10624
194  40 0.10624
 40 220 0.03150
220  40 0.03150
 40 247 0.07741
247  40 0.07741
 39  66 0.05590
 66  39 0.05590
 39  80 0.10277
 80  39 0.10277
 39 149 0.05382
149  39 0.05382
 39 206 0.10412
206  39 0.10412
 39 209 0.10654
209  39 0.10654
 39 211 0.11209
211  39 0.11209
 38  74 0.06907
 74  38 0.06907
 38 109 0.09245
109  38 0.09245
 38 126 0.00845
126  38 0.00845
 38 183 0.08279
183  38 0.08279
 38 215 0.05290
215  38 0.05290
 37  76 0.02674
 76  37 0.02674
 37  95 0.09352
 95  37 0.09352
 37 115 0.01398
115  37 0.01398
 37 153 0.03846
153  37 0.03846
 37 228 0.07596
228  37 0.07596
 37 241 0.06139
241  37 0.06139
 36  41 0.05329
 41  36 0.05329
 36  88 0.01841
 88  36 0.01841
 36  98 0.08515
 98  36 0.08515
 36 182 0.09055
182  36 0.09055
 35  36 0.08804
 36  35 0.08804
 35  41 0.10606
 41  35 0.10606
 35  88 0.07142
 88  35 0.07142
 35  94 0.06254
 94  35 0.06254
 35 141 0.11388
141  35 0.11388
 35 198 0.10645
198  35 0.10645
 34  53 0.08565
 53  34 0.08565
 34  56 0.04399
 56  34 0.04399
 34  73 0.01812
 73  34 0.01812
 34 120 0.09075
120  34 0.09075
 34 145 0.07784
145  34 0.07784
 33  58 0.09102
 58  33 0.09102
 33 114 0.08593
114  33 0.08593
 33 163 0.10678
163  33 0.10678
 33 222 0.10644
222  33 0.10644
 32  52 0.07988
 52  32 0.07988
 32  77 0.11466
 77  32 0.11466
 32  93 0.07410
 93  32 0.07410
 32 102 0.09251
102  32 0.09251
 32 104 0.10076
104  32 0.10076
 32 144 0.07333
144  32 0.07333
 32 151 0.11408
151  32 0.11408
 32 160 0.11627
160  32 0.11627
 32 168 0.05434
168  32 0.05434
 32 185 0.10165
185  32 0.10165
 32 187 0.04594
187  32 0.04594
 32 201 0.11801
201  32 0.11801
 32 208 0.11121
208  32 0.11121
 32 226 0.07421
226  32 0.07421
 32 231 0.05700
231  32 0.05700
 32 248 0.07367
248  32 0.07367
 31  37 0.09487
 37  31 0.09487
 31 115 0.08730
115  31 0.08730
 31 153 0.10769
153  31 0.10769
 31 228 0.07913
228  31 0.07913
 31 241 0.07871
241  31 0.07871
 30  43 0.10126
 43  30 0.10126
 30  70 0.10835
 70  30 0.10835
 30  79 0.10818
 79  30 0.10818
 30  82 0.10926
 82  30 0.10926
 30 143 0.08740
143  30 0.08740
 30 152 0.04565
152  30 0.04565
 30 156 0.11364
156  30 0.11364
 30 179 0.06570
179  30 0.06570
 30 207 0.08708
207  30 0.08708
 30 210 0.09124
210  30 0.09124
 30 212 0.03314
212  30 0.03314
 30 214 0.11280
214  30 0.11280
 30 219 0.11146
219  30 0.11146
 30 221 0.11496
221  30 0.11496
 30 244 0.01475
244  30 0.01475
 29  47 0.02921
 47  29 0.02921
 29  64 0.10752
 64  29 0.10752
 29  91 0.06429
 91  29 0.06429
 29 109 0.09440
109  29 0.09440
 29 137 0.06803
137  29 0.06803
 29 146 0.08191
146  29 0.08191
 29 167 0.10821
167  29 0.10821
 29 218 0.02524
218  29 0.02524
 29 224 0.03477
224  29 0.03477
 29 227 0.10208
227  29 0.10208
 28  35 0.10487
 35  28 0.10487
 28  41 0.10902
 41  28 0.10902
 28  94 0.08477
 94  28 0.08477
 28 113 0.05483
113  28 0.05483
 28 121 0.07801
121  28 0.07801
 28 170 0.10987
170  28 0.10987
 28 182 0.08584
182  28 0.08584
 28 198 0.00775
198  28 0.00775
 28 223 0.09677
223  28 0.09677
 28 242 0.02503
242  28 0.02503
 27  62 0.07419
 62  27 0.07419
 27  65 0.07207
 65  27 0.07207
 27  71 0.05107
 71  27 0.05107
 27 138 0.07814
138  27 0.07814
 27 184 0.11544
184  27 0.11544
 27 188 0.03989
188  27 0.03989
 27 230 0.08817
230  27 0.08817
 27 233 0.04883
233  27 0.04883
 27 240 0.06581
240  27 0.06581
 26  55 0.09933
 55  26 0.09933
 26  77 0.03854
 77  26 0.03854
 26  78 0.09413
 78  26 0.09413
 26 102 0.04190
102  26 0.04190
 26 138 0.09654
138  26 0.09654
 26 217 0.11910
217  26 0.11910
 26 226 0.11644
226  26 0.11644
 26 239 0.11461
239  26 0.11461
 26 240 0.11097
240  26 0.11097
 25  60 0.03405
 60  25 0.03405
 25  63 0.09366
 63  25 0.09366
 25  96 0.08879
 96  25 0.08879
 25 111 0.05309
111  25 0.05309
 25 199 0.07779
199  25 0.07779
 24  39 0.07951
 39  24 0.07951
 24  66 0.08457
 66  24 0.08457
 24  80 0.11814
 80  24 0.11814
 24 114 0.10397
114  24 0.10397
 24 149 0.02915
149  24 0.02915
 24 163 0.05034
163  24 0.05034
 24 206 0.09602
206  24 0.09602
 24 209 0.02802
209  24 0.02802
 24 211 0.03696
211  24 0.03696
 24 222 0.09835
222  24 0.09835
 24 225 0.11996
225  24 0.11996
 23  33 0.06032
 33  23 0.06032
 23  58 0.07072
 58  23 0.07072
 23  68 0.07437
 68  23 0.07437
 23 114 0.07960
114  23 0.07960
 23 176 0.11709
176  23 0.11709
 23 195 0.08090
195  23 0.08090
 23 222 0.09692
222  23 0.09692
 22  34 0.03658
 34  22 0.03658
 22  53 0.07033
 53  22 0.07033
 22  56 0.01508
 56  22 0.01508
 22  73 0.04871
 73  22 0.04871
 22 120 0.06464
120  22 0.06464
 22 145 0.09324
145  22 0.09324
 21  27 0.01873
 27  21 0.01873
 21  62 0.07424
 62  21 0.07424
 21  65 0.07811
 65  21 0.07811
 21  71 0.03782
 71  21 0.03782
 21 138 0.09594
138  21 0.09594
 21 184 0.11666
184  21 0.11666
 21 188 0.04280
188  21 0.04280
 21 230 0.08276
230  21 0.08276
 21 233 0.04409
233  21 0.04409
 21 240 0.08207
240  21 0.08207
 20  40 0.07068
 40  20 0.07068
 20  75 0.02897
 75  20 0.02897
 20  89 0.05690
 89  20 0.05690
 20 116 0.02095
116  20 0.02095
 20 127 0.11837
127  20 0.11837
 20 164 0.06088
164  20 0.06088
 20 190 0.09529
190  20 0.09529
 20 194 0.09349
194  20 0.09349
 20 220 0.10072
220  20 0.10072
 20 247 0.07725
247  20 0.07725
 19  70 0.06872
 70  19 0.06872
 19  79 0.08364
 79  19 0.08364
 19  84 0.03540
 84  19 0.03540
 19 100 0.06397
100  19 0.06397
 19 103 0.05319
103  19 0.05319
 19 174 0.01925
174  19 0.01925
 19 179 0.08733
179  19 0.08733
 19 192 0.09085
192  19 0.09085
 19 243 0.09323
243  19 0.09323
 18  35 0.11609
 35  18 0.11609
 18  51 0.11645
 51  18 0.11645
 18  86 0.02813
 86  18 0.02813
 18  94 0.11772
 94  18 0.11772
 18 141 0.06466
141  18 0.06466
 17  41 0.10519
 41  17 0.10519
 17  81 0.05763
 81  17 0.05763
 17 121 0.09728
121  17 0.09728
 17 134 0.10171
134  17 0.10171
 17 158 0.10542
158  17 0.10542
 17 170 0.07756
170  17 0.07756
 17 182 0.09423
182  17 0.09423
 17 223 0.11337
223  17 0.11337
 17 229 0.06676
229  17 0.06676
 16  54 0.07406
 54  16 0.07406
 16  98 0.11623
 98  16 0.11623
 16  99 0.10210
 99  16 0.10210
 16 117 0.05134
117  16 0.05134
 16 129 0.09325
129  16 0.09325
 16 140 0.07952
140  16 0.07952
 16 147 0.07171
147  16 0.07171
 16 166 0.11475
166  16 0.11475
 16 178 0.06981
178  16 0.06981
 16 236 0.07388
236  16 0.07388
 15  24 0.04507
 24  15 0.04507
 15  39 0.09051
 39  15 0.09051
 15  49 0.10519
 49  15 0.10519
 15  58 0.10462
 58  15 0.10462
 15  66 0.11797
 66  15 0.11797
 15  80 0.08217
 80  15 0.08217
 15 114 0.09104
114  15 0.09104
 15 149 0.04256
149  15 0.04256
 15 163 0.05589
163  15 0.05589
 15 202 0.08786
202  15 0.08786
 15 204 0.11074
204  15 0.11074
 15 209 0.04580
209  15 0.04580
 15 211 0.04000
211  15 0.04000
 15 222 0.07726
222  15 0.07726
 15 225 0.07498
225  15 0.07498
 14  18 0.07335
 18  14 0.07335
 14  51 0.09603
 51  14 0.09603
 14  86 0.09145
 86  14 0.09145
 14 129 0.10737
129  14 0.10737
 14 133 0.06649
133  14 0.06649
 14 166 0.08096
166  14 0.08096
 13  19 0.08927
 19  13 0.08927
 13 100 0.02560
100  13 0.02560
 13 103 0.08741
103  13 0.08741
 13 129 0.10843
129  13 0.10843
 13 133 0.06257
133  13 0.06257
 13 162 0.11602
162  13 0.11602
 13 174 0.09377
174  13 0.09377
 13 192 0.08128
192  13 0.08128
 12  28 0.06032
 28  12 0.06032
 12  35 0.06079
 35  12 0.06079
 12  36 0.08058
 36  12 0.08058
 12  41 0.06364
 41  12 0.06364
 12  88 0.07461
 88  12 0.07461
 12  94 0.08239
 94  12 0.08239
 12 113 0.09906
113  12 0.09906
 12 121 0.08542
121  12 0.08542
 12 170 0.11918
170  12 0.11918
 12 182 0.06361
182  12 0.06361
 12 198 0.05807
198  12 0.05807
 12 242 0.08457
242  12 0.08457
 11  30 0.08689
 30  11 0.08689
 11  43 0.10208
 43  11 0.10208
 11  82 0.03687
 82  11 0.03687
 11  85 0.06928
 85  11 0.06928
 11 143 0.08708
143  11 0.08708
 11 152 0.04140
152  11 0.04140
 11 175 0.09935
175  11 0.09935
 11 207 0.11101
207  11 0.11101
 11 212 0.09716
212  11 0.09716
 11 244 0.07397
244  11 0.07397
 11 246 0.06678
246  11 0.06678
 10 105 0.11028
105  10 0.11028
 10 106 0.11976
106  10 0.11976
 10 123 0.00886
123  10 0.00886
 10 175 0.07429
175  10 0.07429
 10 246 0.09977
246  10 0.09977
  9  23 0.03526
 23   9 0.03526
  9  33 0.08216
 33   9 0.08216
  9  58 0.10398
 58   9 0.10398
  9  68 0.09604
 68   9 0.09604
  9 114 0.11445
114   9 0.11445
  9 142 0.10955
142   9 0.10955
  9 195 0.04585
195   9 0.04585
  8  11 0.04709
 11   8 0.04709
  8  30 0.03985
 30   8 0.03985
  8  43 0.09334
 43   8 0.09334
  8  82 0.07286
 82   8 0.07286
  8  85 0.11331
 85   8 0.11331
  8 143 0.07437
143   8 0.07437
  8 152 0.00702
152   8 0.00702
  8 179 0.09533
179   8 0.09533
  8 207 0.09011
207   8 0.09011
  8 210 0.10661
210   8 0.10661
  8 212 0.05604
212   8 0.05604
  8 221 0.11895
221   8 0.11895
  8 244 0.02711
244   8 0.02711
  8 246 0.09709
246   8 0.09709
  7  42 0.11616
 42   7 0.11616
  7  57 0.06795
 57   7 0.06795
  7  65 0.09235
 65   7 0.09235
  7  71 0.11091
 71   7 0.11091
  7 101 0.10577
101   7 0.10577
  7 125 0.02442
125   7 0.02442
  7 148 0.02175
148   7 0.02175
  7 157 0.00516
157   7 0.00516
  7 181 0.05778
181   7 0.05778
  7 184 0.04976
184   7 0.04976
  7 188 0.10982
188   7 0.10982
  7 197 0.06984
197   7 0.06984
  7 230 0.06107
230   7 0.06107
  6  16 0.04529
 16   6 0.04529
  6  54 0.11235
 54   6 0.11235
  6  98 0.09893
 98   6 0.09893
  6  99 0.11022
 99   6 0.11022
  6 117 0.08821
117   6 0.08821
  6 129 0.05363
129   6 0.05363
  6 140 0.10829
140   6 0.10829
  6 147 0.07924
147   6 0.07924
  6 166 0.06998
166   6 0.06998
  6 178 0.07007
178   6 0.07007
  6 236 0.05556
236   6 0.05556
  5  26 0.03351
 26   5 0.03351
  5  32 0.11054
 32   5 0.11054
  5  55 0.11131
 55   5 0.11131
  5  67 0.10880
 67   5 0.10880
  5  77 0.05505
 77   5 0.05505
  5 102 0.03834
102   5 0.03834
  5 104 0.11574
104   5 0.11574
  5 217 0.09458
217   5 0.09458
  5 226 0.11433
226   5 0.11433
  4   5 0.11184
  5   4 0.11184
  4  26 0.08347
 26   4 0.08347
  4  55 0.06425
 55   4 0.06425
  4  77 0.10733
 77   4 0.10733
  4  78 0.02559
 78   4 0.02559
  4 112 0.08751
112   4 0.08751
  4 128 0.04751
128   4 0.04751
  4 138 0.11375
138   4 0.11375
  4 159 0.10114
159   4 0.10114
  4 239 0.03883
239   4 0.03883
  4 240 0.11344
240   4 0.11344
  3  37 0.08512
 37   3 0.08512
  3  45 0.11902
 45   3 0.11902
  3  67 0.09725
 67   3 0.09725
  3  76 0.08069
 76   3 0.08069
  3 115 0.09861
115   3 0.09861
  3 153 0.04799
153   3 0.04799
  3 228 0.07635
228   3 0.07635
  3 241 0.07024
241   3 0.07024
  2  14 0.08765
 14   2 0.08765
  2  18 0.07425
 18   2 0.07425
  2  42 0.11456
 42   2 0.11456
  2  51 0.05083
 51   2 0.05083
  2  79 0.11759
 79   2 0.11759
  2  86 0.05980
 86   2 0.05980
  2 108 0.09627
108   2 0.09627
  2 110 0.11746
110   2 0.11746
  2 141 0.11373
141   2 0.11373
  1  72 0.06506
 72   1 0.06506
  1 107 0.07484
107   1 0.07484
  1 130 0.10203
130   1 0.10203
  1 150 0.10908
150   1 0.10908
  1 164 0.11039
164   1 0.11039
  1 189 0.09582
189   1 0.09582
  1 194 0.11069
194   1 0.11069
  1 200 0.09550
